#Simulation
15 1.0 1.0 0.0
#Cells
a1 z1 0.354 1.0 1.0 1.0
20 20 60 20 60 60 20 60
a2
a2 z2 0.354 1.0 1.0 1.0
60 20 100 20 100 60 60 60
a1 a3
a3 z2 0.354 1.0 1.0 1.0
100 20 140 20 140 60 100 60
a2 a4
a4 z2 0.354 1.0 1.0 1.0
140 20 180 20 180 60 140 60
a3 a5
a5 z2 0.354 1.0 1.0 1.0
180 20 220 20 220 60 180 60
a4 a6
a6 z2 0.354 1.0 1.0 1.0
220 20 260 20 260 60 220 60
a5 a7
a7 z2 0.354 1.0 1.0 1.0
260 20 300 20 300 60 260 60
a6 a8
a8 z2 0.354 1.0 1.0 1.0
300 20 340 20 340 60 300 60
a7 a9
a9 z2 0.354 1.0 1.0 1.0
340 20 380 20 380 60 340 60
a8 a10
a10 z2 0.354 1.0 1.0 1.0
380 20 420 20 420 60 380 60
a9 a11
a11 z2 0.354 1.0 1.0 1.0
420 20 460 20 460 60 420 60
a10 a12
a12 z2 0.354 1.0 1.0 1.0
460 20 500 20 500 60 460 60
a11 a13
a13 z2 0.354 1.0 1.0 1.0
500 20 540 20 540 60 500 60
a12 a14
a14 z2 0.354 1.0 1.0 1.0
540 20 580 20 580 60 540 60
a13 a15
a15 z3 0.354 1.0 1.0 1.0
580 20 620 20 620 60 580 60
a14
#End
